
## Données globales



n=6
nb=5
L=[[25,34,43,52,61,70,79,90],[6,8.5,12,14,23,36,40,60],[2,8,25,34,43,52,61,70],[0.5,0.9,1.1,2,10,20,30,40],[0.5,0.9,1.1,2,10,20,30,40],[0.5,0.9,1.1,2,10,20,30,40]]
partitions=[partition([25,34,43,52,61,70,79,90]),partition([6,8.5,12,14,23,36,40,60]),partition([2,8,25,34,43,52,61,70]),partition([0.5,0.9,1.1,2,10,20,30,40]),partition([0.5,0.9,1.1,2,10,20,30,40]),partition([0.5,0.9,1.1,2,10,20,30,40])]
p_ajout=0
p_suppr=0
p_cat=0
p_statut=0
N=10
list_ex_danger=[]
list_ex_non_danger=[]
list_ex=[]
